id	applied_user_id
3789	8191
3798	8193
3799	8194
3800	8195
3787	8202
3787	8202
3787	8202
3790	8203
3827	8204
3801	8205
3802	8206
3803	8208
3839	8211
3804	8215
3805	8216
3791	8217
3806	8218
3788	8219
3807	8225
3306	8226
3306	8226
3808	8227
3792	8230
3809	8232
3793	8236
3794	8240
3810	8243
3811	8244
3795	8246
3812	8249
3796	8252
3813	8255
3797	8256
3814	8258
3815	8264
3816	8268
3331	8272
3331	8272
3817	8275
3818	8276
3828	8277
3819	8279
3820	8286
3821	8288
3822	8289
3840	8291
3829	8294
3823	8296
3830	8298
3831	8304
3841	8307
3842	8309
3832	8311
3833	8313
3834	8319
3835	8322
3836	8334
3837	8345
3838	8350
3378	8362
3378	8362
3382	8379
3382	8379
3824	10216
3825	10294
3826	10302